100 275119
100 264416
100 251193
100 246416
100 267171
100 255532
100 249139
100 248737
100 262121
100 263360
100 255847
100 251276
100 264734
100 255106
100 252831
100 250039
100 253375
100 251863
100 253820
100 249798
100 252433
100 260509
100 252822
100 249467
100 254067
100 252958
100 251690
100 251450
100 261258
100 256449
100 249074
100 257967
100 268467
100 247191
100 248173
100 256687
100 265347
100 254169
100 252260
100 260436
100 263782
100 253080
100 247573
100 238669
100 265162
100 250312
100 256530
100 270952
100 257511
100 248925
200 289497
200 297978
200 295718
200 282578
200 295865
200 297184
200 292822
200 296059
200 291836
200 283036
200 285559
200 291072
200 283553
200 285379
200 298093
200 309922
200 283260
200 285035
200 299084
200 290965
200 306923
200 293701
200 294259
200 279907
200 288110
200 292153
200 282621
200 296904
200 301972
200 278645
200 280555
200 287262
200 299601
200 281686
200 300149
200 296994
200 290059
200 282019
200 286435
200 310015
200 288727
200 298804
200 302343
200 295896
200 287263
200 296553
200 298568
200 280695
200 299173
200 297455
300 320190
300 326983
300 344489
300 319894
300 322708
300 339733
300 353606
300 326508
300 354876
300 344813
300 357564
300 341431
300 319553
300 328774
300 349442
300 351667
300 346209
300 362531
300 332610
300 340132
300 336448
300 337445
300 356714
300 335579
300 340297
300 344015
300 329908
300 325101
300 348457
300 360212
300 339893
300 352538
300 351763
300 346388
300 337374
300 345529
300 345287
300 330536
300 330546
300 337363
300 333932
300 316754
300 316999
300 332697
300 316786
300 325535
300 349457
300 334545
300 320324
300 335741
400 375598
400 371329
400 384235
400 367904
400 374538
400 374784
400 377667
400 359318
400 369444
400 370099
400 378030
400 376386
400 378164
400 378964
400 382555
400 368639
400 365559
400 375095
400 384468
400 361564
400 364707
400 357024
400 364898
400 379084
400 388285
400 370932
400 363069
400 364555
400 379818
400 368673
400 354826
400 368822
400 358165
400 359322
400 380832
400 350388
400 361005
400 371067
400 361595
400 381600
400 367463
400 366485
400 359565
400 377100
400 360597
400 368986
400 363956
400 374745
400 373643
400 358459
500 412227
500 412494
500 399639
500 427330
500 411088
500 424100
500 405424
500 405798
500 418068
500 418816
500 435261
500 402137
500 416961
500 423705
500 418528
500 426032
500 402597
500 407223
500 414768
500 394379
500 405783
500 396379
500 417805
500 415537
500 399726
500 404799
500 407446
500 412074
500 384165
500 382220
500 398410
500 422853
500 411288
500 395231
500 430324
500 416445
500 396756
500 429700
500 405157
500 408812
500 412557
500 402839
500 422905
500 400405
500 426766
500 397874
500 417730
500 427022
500 412966
500 427590
600 446279
600 456099
600 457879
600 472625
600 460875
600 433600
600 434352
600 456784
600 480498
600 447907
600 440253
600 451386
600 448747
600 465613
600 462729
600 443379
600 454622
600 483992
600 442026
600 497146
600 441419
600 453619
600 458340
600 457538
600 457389
600 456670
600 449821
600 445440
600 459233
600 434174
600 460718
600 441906
600 479605
600 438972
600 446171
600 444493
600 450258
600 448689
600 441521
600 460503
600 443577
600 460734
600 456154
600 502247
600 438995
600 442137
600 445952
600 449345
600 450520
600 439440
700 494085
700 483032
700 494613
700 497373
700 537611
700 477388
700 551871
700 520171
700 495421
700 505164
700 503361
700 520451
700 487615
700 507623
700 506133
700 513429
700 523552
700 517964
700 516748
700 512802
700 493174
700 504888
700 486205
700 511386
700 512620
700 536006
700 529368
700 535265
700 510263
700 535139
700 506536
700 536295
700 484133
700 505734
700 501894
700 525677
700 485508
700 538967
700 515129
700 542323
700 503541
700 552863
700 498873
700 516230
700 487611
700 534913
700 485080
700 520147
700 504644
700 529683
800 547439
800 548637
800 568046
800 549987
800 562043
800 541317
800 582193
800 537832
800 559397
800 545901
800 563437
800 566854
800 543788
800 551383
800 531163
800 566045
800 544273
800 549138
800 533543
800 529565
800 534986
800 577950
800 568137
800 521237
800 572704
800 560307
800 563061
800 543107
800 572559
800 534122
800 532814
800 557459
800 506734
800 552330
800 523943
800 586496
800 553694
800 571165
800 536368
800 524934
800 576243
800 518622
800 570408
800 536264
800 568064
800 544062
800 548556
800 537186
800 555994
800 538131
900 574193
900 575821
900 580676
900 604037
900 600158
900 592226
900 594698
900 582219
900 598577
900 568070
900 589815
900 594041
900 593819
900 590668
900 595959
900 612900
900 602175
900 592722
900 595613
900 578223
900 617981
900 604029
900 585059
900 606764
900 575548
900 598944
900 588608
900 604763
900 590235
900 575080
900 599937
900 570548
900 604876
900 590707
900 580491
900 578681
900 583388
900 585521
900 561842
900 581220
900 588078
900 583492
900 589616
900 593903
900 576820
900 601898
900 580840
900 592143
900 592817
900 581253
1000 639528
1000 632425
1000 628567
1000 640537
1000 635488
1000 638765
1000 628534
1000 643724
1000 644243
1000 626231
1000 616240
1000 632550
1000 625144
1000 645618
1000 627235
1000 645274
1000 635729
1000 649369
1000 625781
1000 644160
1000 631355
1000 637347
1000 638099
1000 622479
1000 634753
1000 639372
1000 628913
1000 650047
1000 626652
1000 640073
1000 641510
1000 621798
1000 636258
1000 647685
1000 625164
1000 634888
1000 645073
1000 632218
1000 638418
1000 634531
1000 641539
1000 636258
1000 624634
1000 645772
1000 633281
1000 626688
1000 639120
1000 630640
1000 648976
1000 644998
