100 276050
100 249861
100 266883
100 249356
100 264359
100 250845
100 259147
100 261374
100 253202
100 252398
100 265633
100 270726
100 258498
100 258901
100 263596
100 259581
100 252841
100 254002
100 276908
100 263013
100 255927
100 259563
100 269011
100 259923
100 254574
100 260131
100 229414
100 225489
100 250013
100 258652
100 251714
100 254933
100 255021
100 261383
100 252548
100 255184
100 256167
100 246499
100 258888
100 268726
100 251306
100 253047
100 252487
100 267532
100 264270
100 262127
100 268008
200 325531
200 307912
200 303195
200 300599
200 303818
200 324596
200 292090
200 304184
200 297032
200 301383
200 302116
200 291214
200 300648
200 293207
200 301286
200 309879
200 304079
200 290405
200 296649
200 301906
200 286165
200 302251
200 303400
200 307199
200 287136
200 293996
200 298553
200 295781
200 302882
200 302910
200 300647
200 313402
200 302094
200 299190
200 283730
200 300928
200 306455
200 279701
200 300621
200 306787
200 299210
200 304373
200 298830
200 323478
200 292528
200 306531
200 308165
200 288700
300 345720
300 350879
300 340904
300 327873
300 336635
300 342546
300 350139
300 352314
300 348822
300 354136
300 340451
300 341744
300 350136
300 327201
300 314902
300 325182
300 322853
300 324481
300 337468
300 332648
300 330984
300 335623
300 338965
300 310162
300 312523
300 312196
300 329517
300 304937
300 320484
300 317085
300 313232
300 332282
300 338730
300 319910
300 323550
300 329107
300 333464
300 335542
300 321182
300 365030
300 346083
300 353399
300 336230
300 328071
300 335300
400 404117
400 374658
400 377373
400 374020
400 357770
400 371172
400 391747
400 381705
400 380310
400 373677
400 386453
400 380663
400 364297
400 372819
400 379771
400 379588
400 379827
400 363102
400 389198
400 373442
400 360758
400 371899
400 410182
400 363610
400 364633
400 359283
400 369578
400 377093
400 369280
400 387416
400 375079
400 360217
400 361020
400 376320
400 368667
400 380861
400 382130
400 369405
400 370359
400 358542
400 389687
400 385339
400 374043
400 396179
400 382495
400 385450
400 387247
500 401470
500 428617
500 418344
500 412622
500 409196
500 392377
500 447334
500 440233
500 428891
500 395448
500 412416
500 409267
500 392101
500 423828
500 397711
500 424143
500 413447
500 431829
500 424392
500 417998
500 451460
500 424774
500 426384
500 426121
500 420575
500 411664
500 424366
500 415784
500 405077
500 423423
500 422157
500 409685
500 430312
500 443336
500 438976
500 407430
500 415951
500 426440
500 400331
500 408822
500 412587
500 409913
500 397490
500 400584
500 412282
600 448262
600 443904
600 450443
600 454223
600 458369
600 454013
600 449820
600 457001
600 446386
600 478904
600 483867
600 449927
600 465925
600 441149
600 471354
600 429991
600 445416
600 482009
600 463990
600 477297
600 499438
600 484518
600 461743
600 462515
600 504190
600 460948
600 466211
600 470419
600 471093
600 470500
600 447327
600 464392
600 486476
600 462132
600 459752
600 454831
600 456119
600 457255
600 456954
600 456202
600 468191
600 488213
600 453745
600 499096
600 484905
600 469436
600 489150
700 503197
700 507779
700 539881
700 507761
700 506446
700 498818
700 492187
700 508454
700 504178
700 496069
700 505721
700 507299
700 517629
700 500825
700 504852
700 502620
700 504194
700 502329
700 482598
700 510996
700 516857
700 500556
700 508211
700 508970
700 499321
700 516554
700 530739
700 524710
700 517726
700 496482
700 491180
700 505499
700 522885
700 526231
700 526582
700 542018
700 514904
700 513249
700 493284
700 512993
700 481618
700 510856
700 486745
700 491070
700 499082
700 510593
800 555759
800 570860
800 546067
800 574804
800 555145
800 564047
800 546562
800 540896
800 554502
800 544693
800 540695
800 545730
800 561617
800 551800
800 551826
800 545977
800 540541
800 540088
800 545274
800 536635
800 539937
800 540616
800 545063
800 559196
800 552937
800 546123
800 548830
800 571748
800 548760
800 555116
800 551313
800 541186
800 522200
800 536714
800 545267
800 541165
800 554870
800 539686
800 551937
800 540788
800 551224
800 539053
800 549397
800 556010
800 571598
800 570408
900 594313
900 583785
900 602296
900 573889
900 573465
900 598116
900 595090
900 594434
900 586357
900 589495
900 580521
900 597382
900 615886
900 597693
900 606315
900 573112
900 597286
900 623637
900 593601
900 610728
900 581631
900 606298
900 612831
900 576821
900 597895
900 604321
900 594130
900 623819
900 622078
900 598844
900 592362
900 603291
900 588381
900 597439
900 587091
900 619343
900 595944
900 573786
900 608998
900 605290
900 594962
900 595130
900 593575
900 577331
900 604177
900 584402
900 598211
1000 656116
1000 641331
1000 653825
1000 648107
1000 637982
1000 646296
1000 640201
1000 638768
1000 647346
1000 640631
1000 643346
1000 644439
1000 639832
1000 650543
1000 650187
1000 640466
1000 635638
1000 645320
1000 632892
1000 635535
1000 630562
1000 619504
1000 639308
1000 636217
1000 639206
1000 622555
1000 640704
1000 632553
1000 638220
1000 635849
1000 634665
1000 630003
1000 638378
1000 643415
1000 626020
1000 641175
1000 634479
1000 637695
1000 636429
1000 625475
1000 630966
1000 639736
1000 637072
1000 633545
