100 1048853
100 1049033
100 1050555
100 1015902
100 1020981
100 1001077
100 1015258
100 1042893
100 1027388
100 1043651
100 2034424
100 1021669
100 1015657
100 1042182
100 1038152
100 1029567
100 1030173
100 1023423
100 1034445
100 1025096
100 1009881
100 1012838
100 1030201
100 1012078
100 1033301
100 1027874
100 1051970
100 1002616
100 1040081
100 1021003
100 1020448
100 1015077
100 997571
100 1022817
100 1031921
100 1029984
100 1034121
100 1006772
100 1002541
100 1036031
100 1049235
100 1039184
100 1023651
100 1043686
100 1043412
100 1024626
100 1021140
100 1031068
100 1018571
100 1021558
200 1143963
200 1181066
200 1156323
200 1169160
200 1150085
200 1150462
200 1159227
200 1162554
200 1151690
200 1150789
200 1185189
200 1165084
200 1158801
200 1274998
200 1277424
200 1234818
200 1288578
200 1294554
200 1208402
200 1194655
200 1218121
200 1175551
200 1179683
200 1179007
200 1170466
200 1158013
200 1179443
200 1177739
200 1171163
200 1153990
200 1164877
200 1156813
200 1138413
200 1165220
200 1173786
200 1174056
200 1155482
200 1213046
200 1189913
200 1184538
200 1161139
200 1144127
200 1176036
200 1187467
200 1155660
200 1156599
200 1160031
200 1175844
200 1166059
200 1181417
300 1338912
300 1338150
300 1382364
300 1329737
300 1333138
300 1333619
300 1319958
300 1289394
300 1352275
300 1327123
300 1330533
300 1309857
300 1296980
300 1312547
300 1343064
300 1334312
300 1320663
300 1337696
300 1344884
300 1328659
300 1340086
300 1340371
300 1287830
300 1334031
300 1359759
300 1344870
300 1327878
300 1306084
300 1339236
300 1332876
300 1336593
300 1314330
300 1334631
300 1342623
300 1311396
300 1326338
300 1358942
300 1306116
300 1318695
300 1343099
300 1295375
300 1310578
300 1317884
300 1323073
300 1318314
300 1321757
300 1321205
300 1312824
300 1298036
300 1307644
400 1481521
400 1515976
400 1447527
400 1472298
400 1482228
400 1484539
400 1463438
400 1472557
400 1477504
400 1470667
400 1483988
400 1480573
400 1522761
400 1473970
400 1468546
400 1470213
400 1469602
400 1486474
400 1466940
400 1473521
400 1501855
400 1465050
400 1485201
400 1441014
400 1503783
400 1482047
400 1501896
400 1474117
400 1477426
400 1513260
400 1485749
400 1511996
400 1509849
400 1472197
400 1438688
400 1502954
400 1488219
400 1451262
400 1487177
400 1495864
400 1456178
400 1482112
400 1516983
400 1521782
400 1453083
400 1500108
400 1481806
400 1490156
400 1457663
400 1483596
500 1628336
500 1646416
500 1653886
500 1642558
500 1660628
500 1642950
500 1639117
500 1713876
500 1658170
500 1599337
500 1639258
500 1656358
500 1622568
500 1664658
500 1641133
500 1641619
500 1630556
500 1643083
500 1643607
500 1648944
500 1646148
500 1688560
500 1637280
500 1676573
500 1692016
500 1652077
500 1652429
500 1671885
500 1697351
500 1648285
500 1691042
500 1634562
500 1658894
500 1672226
500 1671884
500 1679683
500 1638512
500 1658827
500 1609512
500 1714566
500 1710594
500 1665935
500 1697047
500 1769482
500 1718546
500 1731889
500 1730897
500 1663010
500 1673621
500 1653044
600 1794919
600 1780683
600 1845865
600 1794892
600 1838635
600 1785502
600 1831496
600 1792332
600 1807590
600 1804968
600 1799937
600 1807930
600 1813623
600 1778540
600 1807851
600 1762557
600 1797303
600 1859018
600 1823666
600 1803902
600 1944452
600 1806480
600 1790927
600 1801814
600 1792430
600 1789844
600 1779916
600 1828512
600 1806230
600 1794328
600 1859155
600 1845730
600 1808181
600 1823150
600 1848180
600 1889022
600 1758978
600 1780408
600 1821615
600 1762877
600 1787882
600 1805637
600 1789666
600 1770605
600 1779106
600 1776738
600 1779829
600 1812540
600 1793243
600 1834490
700 2038907
700 2058751
700 2064103
700 2026173
700 1987647
700 1992795
700 1994732
700 1998622
700 1979130
700 2013092
700 1995452
700 2070433
700 2066841
700 2049138
700 2059080
700 2006026
700 2015625
700 1991037
700 2052007
700 1987978
700 2039817
700 2009614
700 2002595
700 1992441
700 2087058
700 1993214
700 2058829
700 2036133
700 2007124
700 2024381
700 1984956
700 2040201
700 2038580
700 2051341
700 2055878
700 2085876
700 2055707
700 2058765
700 1960278
700 2045041
700 2037500
700 2014809
700 2047274
700 2055653
700 2050583
800 2002758
800 2070901
