100 1041181
100 1024613
100 1036889
100 1023630
100 1045179
100 1020673
100 1047765
100 1053501
100 1050061
100 1042852
100 1080008
100 1050397
100 1046520
100 1025190
100 1001603
100 1078010
100 1045903
100 1040545
100 1017361
100 1051026
100 1023841
100 1029460
100 1019311
100 1034904
100 1031319
100 1050292
100 1015588
100 983971
200 1209026
200 1155357
200 1173035
200 1176680
200 1156901
200 1184208
200 1162257
200 1213136
200 1171213
200 1198071
200 1161190
200 1181480
200 1130125
200 1181741
200 1206672
200 1174951
200 1202214
200 1186946
200 1179818
200 1170874
200 1182638
200 1176953
200 1191217
200 1167139
200 1183804
200 1177572
200 1197056
200 1160496
200 1173283
200 1199339
200 1178216
200 1160421
200 1194313
200 1168020
300 1358543
300 1382407
300 1350646
300 1344919
300 1354533
300 1382063
300 1372471
300 1393740
300 1361726
300 1383970
300 1351344
300 1335021
300 1351468
300 1339924
300 1366802
300 1294765
300 1334220
300 1328475
300 1303157
300 1304160
300 1347929
300 1324798
300 1356101
300 1346592
300 1328260
300 1323716
300 1347166
300 1384994
300 1386641
300 1366977
300 1339574
300 1319564
400 1459164
400 1502323
400 1520909
400 1498277
400 1537596
400 1524607
400 1483199
400 1484783
400 1519724
400 1467513
400 1490028
400 1505530
400 1500273
400 1532671
400 1458716
400 1508319
400 1478677
400 1492335
400 1498653
400 1520744
400 1478464
400 1525262
400 1483282
400 1511158
400 1519015
400 1517938
400 1479474
400 1475210
400 1520189
400 1504834
400 1544672
400 1536505
400 1544295
500 1690369
500 1678132
500 1659756
500 1748131
500 1702338
500 1724178
500 1738005
500 1688235
500 1721816
500 1693783
500 1688555
500 1676026
500 1731148
500 1684218
500 1674890
500 1646701
500 1676858
500 1672383
500 1640213
500 1676468
500 1652576
500 1676585
500 1675454
500 1715144
500 1747019
500 1689001
500 1693154
500 1680566
500 1699209
500 1715116
500 1680658
500 1659896
500 1636289
500 1677017
500 1668018
600 1802425
600 1836453
600 1856648
600 1873926
600 1877453
600 1851248
600 1776752
600 1821155
600 1769477
600 1817239
600 1848585
600 1812350
600 1830983
600 1797912
600 1848809
600 1821882
600 1825818
600 1838890
600 1755511
600 1788959
600 1884987
600 1863846
600 1894467
600 1887161
600 1881187
600 1801739
600 1871334
600 1869991
600 1796205
600 1719870
600 1706790
600 1743029
600 1860852
700 2013235
